201 87 2 6 1 4 
83 56 1 3 3 1 
658 52 25 4 3 9 
236 59 13 6 1 2 
51 40 27 2 2 3 
150 39 27 4 2 5 
578 81 9 5 3 4 
275 9 29 3 1 7 
377 76 30 3 2 6 
226 53 8 2 3 4 
18 74 3 6 3 10 
333 53 13 1 1 7 
106 48 13 3 3 3 
787 98 2 5 3 9 
787 62 17 2 2 1 
330 27 10 4 3 4 
943 7 10 1 2 4 
567 30 3 3 1 10 
621 47 3 3 1 6 
883 11 26 5 3 8 
458 33 27 4 2 6 
535 14 9 4 3 6 
137 92 18 4 2 7 
725 92 12 6 2 4 
298 39 28 4 1 6 
201 88 10 2 1 4 
279 25 30 4 3 8 
613 66 27 3 2 1 
541 36 2 6 1 3 
937 42 3 2 2 6 
868 39 3 4 3 3 
446 22 12 5 3 2 
526 38 19 5 2 10 
205 51 22 5 2 4 
535 28 24 1 2 5 
790 21 23 2 2 6 
557 15 13 1 2 6 
3 63 20 3 3 4 
937 13 7 6 2 8 
315 64 25 3 1 5 
474 88 8 2 2 8 
578 7 20 6 1 6 
2 72 26 2 1 7 
923 84 26 4 1 1 
265 57 3 5 3 9 
816 58 8 2 1 4 
350 92 22 2 2 10 
304 33 6 3 3 2 
62 36 18 3 2 6 
439 94 6 5 3 1 
197 5 2 5 3 1 
871 7 29 6 2 10 
877 68 19 4 1 4 
482 89 16 5 1 5 
137 44 7 2 1 9 
493 95 26 5 2 10 
499 88 25 3 1 7 
104 86 4 1 2 4 
394 97 12 4 2 8 
222 45 18 3 1 10 